2890502831
2679382082
1138811577
1832987844
532173139
978134678
3026169085
1760332344
1325156407
3512961066
3537344897
3592692972
503765851
3927005438
3113462853
1380921568
3184373439
3827821842
3786221897
3100516884
342795875
2617497702
3536819341
669953160
898885191
1604382458
2369565201
4213163068
3474444907
3404612814
839943637
1852153136
2917732047
1600269794
2915390425
3742215012
3207495539
3939384886
1761058845
3718423256
833308759
292768202
1131032225
2233497484
2606943611
2404738206
1565131621
3412614528
1199354591
80732850
1924293225
3203713204
275307651
1651070982
3446722477
3855445288
1782804071
1206360218
285806385
834354908
2172177547
3936598126
1694049525
1035760080
2443811567
1461586818
3242022137
3367533060
3637427603
567420374
1628709693
2708736888
3399309431
3679116138
2684507073
2009405996
1747636123
3681959998
3306613381
1191631392
3755001599
943302738
2154769289
1305329492
3645973155
4215646118
519740109
3336273352
305792647
3945402938
3095329873
3612543356
780785323
2074737678
3688649749
1714198128
3784521487
3109009698
2106648089
3504969892
3542158259
1145101686
746403421
2978530328
3839522967
2924625162
3504867553
700058828
3152470459
3495685086
2042782117
1733469888
3000101663
3939319282
4230710441
1442907636
2544859331
2776680262
1765078509
2990595688
3665800871
1120951258
2649127281
4052689948
265482443
2582187950
1904350005
3017673488
3954041647
2891921090
1174931257
2991130436
414018003
3942802710
4277852541
1594412216
2406131895
2112974506
2724417025
2863091564
1377764315
602826622
672426181
2725495648
2961710911
2096276370
992964041
3694566548
2014043875
3556947686
4058505485
3810889480
3021760199
3158472058
3213330065
437751484
3806075627
357102414
615670357
3338194864
3254886223
1253344354
3790256217
998163940
402380787
3808345270
2958363805
1327244632
492169431
2979033162
3300664097
2654265868
1784362491
1075163934
2698313701
1116876800
2365285215
1125243186
4139968233
4179002164
2867746051
766736006
2732284973
3903950760
3558354663
954752794
4289340337
2123647324
3912062219
1907468014
406143349
329573456
982936431
2729943554
2088827257
1328731268
1133794835
756933718
3159609277
2062208504
631519479
613892586
3426388033
1007338668
3357767707
1119473342
3637257989
1708518560
3224614783
2240995026
1278078985
3645422036
1692326691
2373649958
165111629
2785861704
3011184391
237639866
613830865
3769455612
3897466667
3876268686
2463281301
3792324848
4017375119
3067121570
2769472153
3826070308
301917235
4266122230
1119822557
798803608
2203949335
644735882
824606049
1339094860
3003107899
4257397342
3905019429
4268161344
2251889567
2162013298
3166210345
3178578036
3731190083
37840326
1487143533
1381990632
256700199
91202138
3633581553
2517282460
700971339
1631419950
4283609013
1313930640
1050882991
2103921986
1323838393
79028676
4257448531
3211043734
123667965
240783160
1435109687
2054968618
1338507905
959412716
4135070811
4145575422
226370885
3530380768
3742601151
1700420114
766161481
4198766356
1409947491
3471742310
1695100301
2026992008
3902138183
1545665530
2850773777
2287229244
2065785707
2150670798
3967631061
1218511408
1244344271
3773029090
3511229657
3486834788
2238328947
224148278
1912305949
206219224
4281436503
1479186122
1751586721
3956165772
3793002107
1755513246
2814966885
2081489536
2395673567
1467010994
3897322345
4166860212
106220931
1785369862
2832132269
4169839144
2220748647
3282445722
182728753
892490716
769842571
2546767214
219831797
2502055632
4162075631
3215865986
3883769337
2014457604
729476755
3105268438
2388425789
1922470008
660347255
1793108074
2672540865
4015353644
1230839963
1078615358
1013605253
1769602848
493332479
1871254866
2581968009
879277140
969773987
2141021350
1102918605
78856904
1806501767
1634148154
1371972945
2924256892
395601835
2952354062
938609941
3422354288
4066793487
3962463778
2966269721
1142279588
1987951795
3346782838
206180189
3731212568
3104946583
3523643914
4240306657
1600971212
2212082363
536250590
1948932773
3704638400
3606137887
3121294066
1404997033
1057913588
922511811
3983475782
4053536493
611525480
1804283815
3469469914
3101336177
2571843868
2445148619
2225007790
1741442101
1499000848
2804515887
751592386
2961264697
2391260228
4042955475
1903419926
1066152573
1088442808
3814353335
553925546
1829091073
3955008620
1829917915
1569686654
466674117
3963349088
3413114943
928977042
2334062281
3170275732
1248415715
3334960102
506690061
854742024
2499831751
423395962
1583886225
802563004
2045225963
2242203726
3144751957
2103325872
1214627919
1005597026
3454042457
3322936036
695830771
602323382
535487901
3744344664
423504343
1598143818
3228240929
3622614796
1687095035
50155550
606468325
2179257600
3471557727
3689727538
424603625
1724446772
3298575875
1385083782
3511383341
1599657128
1024765927
3256937498
1152863409
1066753628
832136715
3606348782
1973975669
1278527824
3424849007
3355561730
1412645497
1834387844
2994898707
2143052118
1227761853
1383551736
298121719
136777450
2872439105
4221901228
1305987355
3458722750
2716966917
1542656416
2037160063
2417773522
999717129
153988820
4196224035
195871526
3098280013
751740232
4241491975
3202426298
1376778705
707848444
2656776235
1349814158
4248463765
2919542256
3966331023
1936276642
4072772505
453208100
580752691
1507645686
4213046237
2279852952
3354843671
186396810
3316541025
3264072780
2423561019
821516126
3455833893
210673216
653950111
810918258
2470285865
2228008308
1131700803
2701763270
639441773
1920714216
2973397031
2028285786
1354381041
3847275420
699730507
2114804526
3706644661
1593172624
658560175
3566107202
3167974585
2042533572
340964179
3140493462
427974397
3231421496
2061224503
3414762026
2350672769
743362284
401440091
1364431614
84713029
4192172768
4154290367
2365638418
629947209
3461221396
4247357539
4119679590
258393741
1535653512
2069620807
3449096442
4009624593
4204588604
3241079915
2678521550
3280861141
4012926768
3199291599
1977190370
699459033
1211110756
640278899
3768465462
740512285
2445716696
2910571095
550888394
1590165665
3431997836
1405775739
153394846
3354129765
1577953152
3479008479
1787149490
1539994729
3998855860
2277817987
538956294
240189869
1729885992
3225186407
240693914
3206766897
2277337308
3595628171
2838065774
2212468469
3269213136
3099778287
3585238402
346154745
1493165060
4205518739
990846934
1590220093
3834451320
652139127
1449817450
2180588993
3405366316
932409755
3864164926
3143752837
1195451424
1447201023
2169274962
54541705
26716500
1204683939
1806246310
1621347533
1751058376
686033031
9972794
930238033
1046098812
1587738795
1115469326
346801685
304177264
3749542159
1719735074
3169744921
2463498916
945712563
1869272950
2168121437
4128689688
4060936855
732878602
502782689
3811817164
986743739
717563358
2822132645
2543972544
4166298911
2109544434
1295357609
951054324
2781698755
1460748614
3894880237
2256103528
2723852455
3720050138
2989673329
1679511068
3551335115
3347630510
2428142901
3911701776
3236504879
2393739458
3319699769
4032459076
2311834579
1452891926
121736061
1468782264
1577986743
3557492906
1057759233
1692793196
1493804507
3429147006
2066832069
89656672
3852198207
4160914
3471998921
3628762772
239780067
2504012006
715330317
1016273160
1571317959
1395298170
1840044177
3534272700
855063787
1211477326
919852117
672635312
2936922447
2829049442
918178393
2150969316
2642098675
4253202102
145014429
3994300248
4259998423
4142336586
3581801761
867732492
298244091
1964567838
1159393765
445348352
304096607
2637935410
2176776425
957312308
4056823555
220065926
1373605421
1507072424
3486855399
2186115354
2351461809
4155143004
4262033163
2288738542
1774170997
2199432784
3220417903
46136322
2060028793
1695432324
636794899
2769215062
1093435837
4074231800
2829695735
2947210218
3046464065
3344133804
1754274331
2194278590
985340165
895760032
904493439
3709450450
3269657097
3349586900
3302997283
3650256934
732207437
23358024
2984839431
9188026
334340817
3569909244
980140331
1172622
2957386389
2186482416
3449981327
3749046690
1632918681
3582827812
3653256755
3257259510
278975709
4076785816
2035555095
2378071434
2543472481
727621964
3840764987
123728990
3034173477
2282373952
3439320479
1010929266
1403427625
79178356
480067
1233510342
700068973
2859207400
15462695
3612261466
4014235633
4289386652
1906711371
3675338798
3039764917
2179909520
1981969839
1965664066
497204665
475745220
1936057427
4256144790
2060040189
3484490040
3471936311
2492067626
399824001
4286718956
2456211035
3368202238
809441093
413507552
392909247
723203090
1498530889
2230059284
533526883
3756003174
1642618765
538114952
4259703111
2214401530
3967069457
2717483836
2973795691
4182858702
1195552981
2987641904
461074895
3997381858
1190964953
2552187492
2976748147
882128182
661596957
3189158360
1284115287
997535946
3062688161
2003170956
8667259
1088043934
1303572069
3244182656
422827487
235841970
1563196777
4041877428
2763566979
1401491206
2381781677
2172730408
769585511
4160700314
3183905329
2036104668
2328035211
4005187438
1497944053
384442576
3820322287
1764397698
3635032057
3145832708
1449087123
2008784086
1650011709
1196923512
3643120503
1843937898
3624570561
1521621292
1120780955
2643367742
3523040645
811354400
2590075391
1032056658
1283376777
89824852
324171171
2406014630
195978701
1105120456
1507789191
2562537786
4186044241
3615213692
330664363
53744398
34176789
2291778928
3101202959
4165451810
838025497
220870564
683876019
202232950
458211677
1218171672
2680961943
2336957450
3298149345
84839372
4039857339
3234317022
2783333541
3888616896
654052895
98764018
2022743977
2464507124
4095888323
2993126982
3705028845
676572520
2397974951
1067385562
435090545
2717868828
3852477387
849782446
2085404213
3008018960
1223476783
2718088642
371188281
666969668
4079025363
1785912342
3860522109
4077607864
260434871
1728435626
2826340609
1713589868
637859547
1080934014
3593851845
1036530272
252428863
2811488914
2527725769
2117237652
3551539683
258797030
2805378061
1342692872
504654279
973905018
2102755729
1385123260
504024555
754584142
651857237
388300464
100270671
1623427938
2893550425
3119408356
2214652659
1070773174
4202862493
3419288664
3680152535
1216370506
2482298401
26763532
2181212411
1718127134
2478041829
1552293632
1721271903
1459527730
3222471145
3219776052
1115957251
761343366
3029837613
673406632
2623123943
1231947290
1711120049
4141058140
1585285131
1444298222
2222648437
139498320
638078575
586295554
2151928953
2254041988
2917853459
1830116182
877583037
2886491384
4199709687
3944917226
2069414721
4011180972
676096795
815801790
858296837
1110006688
95050367
1015752146
1913883401
1689491668
3576049187
3341565222
4072747597
1942892360
3804629511
2737520570
4197403601
812913404
3430961707
3320005006
1005968277
2935322608
2736761487
3405158050
2160797081
1672204836
1197930291
119722742
323464669
3236812184
2809486359
2119486090
921319521
3661854284
3228187963
1358729566
760989989
3235506240
2286501535
1956739954
2381554729
2369232756
605963331
3417709766
4084944237
1244680168
241267239
4037822810
1144162545
890826140
295382091
1212749102
403921589
121351312
994580143
792253506
22415033
1015808196
721229139
1457724054
3140817149
2342166072
1640713271
2776546346
2196848001
46758124
1977884507
761646334
521506885
2126496992
1316827839
262775058
1492864329
1847457300
3421792867
1575406694
3968727181
376553608
2150885959
1331241722
844060177
3463059516
1532368491
1563408590
127625685
3779801392
1888064207
438362594
3106699225
262307684
926237555
3644731958
4091479069
3778721496
3965471831
2013822410
4290106017
1011862412
4165079419
3754154142
3374180197
4127388032
2085500639
302749362
2087880297
1343134900
1831903363
3567668230
3082892205
2545582376
3712316007
1352256666
2530063153
1510970076
1530466443
947858542
492177653
3779855824
2297175791
1243004802
3281418489
4019670532
1318551955
1058806230
688752445
3941998456
1311792247
2170163050
830470081
4001263148
2064389019
905884734
272420485
1959489056
4190391039
1949260882
94457737
2410779476
2891638435
3135019942
3537698509
3778187720
245238407
4191569466
670408785
3383844220
1187781291
3256840206
2416654357
2137401968
2390211343
1904373026
2681997849
51539108
1470877619
1835323766
1787337309
636803096
3528424599
3235606794
2157423841
352149708
3049924027
2986237918
4248454565
490814144
1927769887
578613746
1708107945
2645481972
838548675
3480337222
1604934125
1510077032
1095086759
3296104410
2148474225
2734127132
3617010891
2516091822
3129145141
130129680
1328834351
919333570
826616633
2226903876
1023028691
2097174806
1813527933
1667162296
130133175
2851381930
960819713
1064608620
3825485787
2309675902
3168685253
3851179872
1472176959
4250687378
1917161929
4272844948
2862195427
88976102
602817805
3176178440
3863243463
2648877434
492972689
4287226556
1260543723
66217806
461719125
2592498608
1563042639
878393442
3206143065
3275463140
3976895475
3134632118
2240049309
3361487192
3247369431
604873802
2345649953
2441885196
3309468155
2800494366
2683364325
2547303424
3696551775
3644165426
1682639593
1264080692
3334347011
2203609734
2306064429
440837032
2996974311
3884094234
1647757233
2366676316
1660262667
267721454
1440359797
735869008
241233775
4170733058
4104265081
557426820
1516575251
2815416406
2996122557
3457475064
381631735
2324592106
2357210177
3270252716
2634857499
2812953278
456788741
3527573664
4172233599
2121306834
3643282441
810847700
988847907
2759457318
2650917709
3557553224
2674330375
1992182970
2496984273
2368972796
1687741227
1911070350
810128533
2213272816
2095106959
99304354
3777359513
358483748
2073143347
4174630902
2467464925
1102109336
1650105623
2900301706
866001249
524045132
854265403
3721211486
3347169829
117280064
1758896031
2843043954
3525618985
1850414196
3216586051
4154087878
325084781
2714277096
3919246119
2499663450
3750015473
3583705756
429145419
2511663662
2510001077
1054642576
2259793839
3535536450
4159524793
709932484
1259882067
2529859478
1791257085
1146626872
1130958135
3462891818
1567729281
2250558956
3529863259
1329392126
1636829509
2083383776
2899514303
179047954
3028866633
3655592724
295689059
1067551078
1062703501
2393146760
306572103
4289277946
1351483153
3488525628
3480201067
2604799438
2492998357
3436615216
3453727695
3379728098
272646361
4273583204
3347117171
2661035830
561175837
1261616088
2633141591
2794441418
3393371041
1800249484
1258545787
3051451806
3391938661
1274779264
145528799
1182565298
1234997097
1539772852
4046229891
1937213702
464473261
4190619176
3731878759
3894958490
3661159473
2044110812
1471357323
1450707310
1611088373
1912728272
3093741551
1215753346
1701233145
1161888516
4082348691
1630574294
1122361405
526951544
2516524407
1623186538
509173953
3596534572
4031669403
2141376830
102778757
1687065376
2221616127
4115581266
3198670985
4036790356
585586595
3187955878
1177524173
2522502856
1461783431
4091761466
1389185361
1694167676
132557739
1329515790
1320218901
1183223664
1885002767
2721126946
2527646489
3297681828
3575152819
1668271734
4276450141
3726761240
2576792983
2623520266
3791492577
1660958156
2580346555
3462986974
1043480229
2282676160
3960918047
2743787250
2767368617
2836156148
1868049859
2117072966
10515181
1803827048
3378590631
1010965722
1955808881
3070463260
3113371083
3246284974
3680317493
915178512
3821013039
487135170
2806936633
1464504388
2002214611
1581372950
691639933
4169557432
1455517111
1826058154
2172082945
1088026732
2735184091
2015099006
3207251397
1285848160
3484910655
3516449938
4056226505
2847827348
2735150051
1189242854
818535949
3563939848
3325586375
1319941754
3721581457
697857980
3393056747
2636039246
2765356885
37472432
3298706511
4083606882
4271875417
3961310948
3902295283
1049537974
967461277
868105816
3230084567
1502540106
1292808225
865340172
3951446779
111395870
4191280357
477587712
2203404383
4091574834
4268168169
727370804
2390493699
3741558662
1618204973
2151540904
581874663
747315226
282325169
174174812
460433931
2248669166
1843224181
1035754832
2298318959
1404207874
1743021689
2242731396
996363027
624842070
1275038909
2834392824
233831927
1575895786
2030802241
2463526316
3604024603
3085459390
2196734981
900703648
519576703
1925840850
2283838729
2055832276
104796195
1098626854
3177604173
1914550600
4157344775
1262836154
1943969233
990330108
313881643
3558996878
490818965
1362510320
1793453199
1616113826
308590489
983841828
2252364083
1731775734
536960989
3309821848
3120815639
3915211914
498469473
1246306380
1282400059
2110901086
323730213
2859807296
2124939423
2864534898
2956572201
4159867252
3805816387
2637338310
426344301
20240872
2727900199
2487444314
1362811633
825300892
2576436811
2471808814
3183987893
2026993296
1751079087
800271938
2439551161
900295364
3820451667
2372277398
427279101
1240049720
2211106359
3745797674
928386945
3650364140
3085615451
4266133246
2276360773
1626345184
1114436799
3961682706
4227489609
406708244
13585507
1427129958
3930401421
3635104392
3290164295
1693269242
3610290193
4136059452
495794283
2206757582
2117655509
3300260656
1131533519
3426237410
3694660057
3043289444
1917887859
1420700726
1076540957
1274986712
1850527319
2534086602
2788402337
1415542156
147436411
2469597854
3772766565
323500928
3461282015
2069983410
1420466281
1679001268
1085047427
4294755846
1237411245
4155050792
1096709223
2393564826
403178801
682736860
2419143307
413460078
2975628021
420204496
2183487727
877336962
1310395129
209631236
1418978195
2918781910
1071790397
883894648
3230785143
3692669290
781633985
1649612844
2996090267
1249570366
1135067269
1336260640
1247153407
2430744146
127033737
2015067476
2264385699
1759516070
4121309389
2975210440
1130892423
1457807418
168358481
4183328636
1728396459
2056399374
3455756821
771421296
1854012687
1515439906
2790890521
2711541412
2970169779
3190737782
1751534685
3240288792
94502551
3990358794
2026340065
1058474700
2899560379
3859257822
4174264229
2016445632
2726965535
1494010866
3321477801
83739636
3157860035
2392995142
1337691117
2899999848
926987431
1996597722
2273013617
774087196
2609993419
2235055534
1859873077
2410375440
378513711
616187074
138132793
4016915780
2990051283
3728167702
2910777213
42068664
210054839
2142125226
286114817
3126021484
1930357211
3686864254
1830502085
3272647008
2264098111
4098437522
2770904009
3479329428
3438839011
2754290918
1573484301
3848154376
3455085767
476758906
1319599249
549129404
2875031787
3363774798
1388755029
2655333808
1280730447
1843827298
4211699289
2224161764
2259287539
2600118966
2801017501
1576289112
3896733399
3104063050
1739692321
934273036
80616443
1435459870
827774437
980291072
1805232479
1996449586
510074089
2951823668
2847800067
274916486
3382178349
2852728232
4236195047
3901205786
30742961
3200698204
2549201675
2286867694
1552193397
2381333072
2782802287
71348226
1779085177
62198404
1625652243
3043021398
2425218493
2359421944
4024745719
893521898
3506110017
2933179052
3852033563
828013758
4199087365
3161508512
2290417023
3919015122
251471369
2471655380
1192329507
1848734758
3773758797
2651029064
4227140871
4039141050
659310289
2314129916
3872785707
3163510926
2463958677
1725212400
2100235663
2855312802
2760343705
595489060
2004027955
575785462
1242839261
2612192408
3195084567
63943050
2234643297
2875848012
486060091
17459294
2696524837
4215330624
3653067167
1215906418
3090333481
2049834612
2642089795
2357121990
2509674605
3094683368
1230632231
3195859034
693437425
2547723420
2710724427
287878190
546833845
85613456
4031838639
371088194
1573380537
2929074116
81438803
179671446
1464802301
3964611896
854626103
2819957546
2694740097
1293383660
913576539
176628734
561052485
2097558496
524998079
2215438354
3209685065
2032915732
2843917667
1848836966
2102838157
1149636488
2780163399
1327843834
1446465809
2452870972
1437518187
3858943950
1417516245
417947696
3779851727
4067551458
2903757529
2208570980
1201952371
3413387574
3758526237
866043352
1886064471
427451594
596151713
1199917708
1100186747
1203285918
2637615717
2615730304
3711261151
2159697330
765239657
3102997428
1806726019
1245053702
3522657965
3781054504
370210151
337736602
3761974833
3063992796
347292555
1325777774
2706748405
644461776
4129817071
3717416578
229856249
2505075972
2186810515
4118122710
2952958525
2060037752
3723009911
3278337642
4063769281
3797642540
3521054363
1720126270
1490237829
2249252128
1535438335
384410450
1885399689
1982755412
3901503907
2339361446
1900071373
2183520456
3815968135
4074335546
3718814545
3603569788
1948765611
337217294
2649252629
2244172144
2565676559
1776972834
1592681753
3930262436
4219331251
1302448246
923477341
519563032
644956055
2235848714
3572852705
4181843916
4276000955
3369744094
3171823781
1034299840
2789315103
318945522
1491387305
25377012
681447363
3502797382
3707413741
1845805416
2598647207
1152726746
1221040241
1482143516
2375313355
2972064430
83730997
1662930448
4154673711
501182914
3826058809
2636380740
4254974163
3437285398
2296924285
3511775160
957149111
2994276778
2013801729
4225802860
1679440603
2224697982
1454356421
2563819104
2373142079
896376466
477113545
3214561172
946730467
3978813926
988614669
1076032008
225209799
3608989818
4292879761
888250812
4269871595
1444118094
3042799957
3198325424
72517199
1943682914
1146566489
3701160164
3611274995
2686101430
1566702493
2533247064
1220784087
309168970
1807254049
3990861068
555347195
1672412702
3598700261
1102623488
2770471519
848450610
1414211049
689681972
679734275
3883278726
1423969069
3886576296
1343469031
3950524954
3308929713
4198489180
3900034059
3871977966
2983186549
1819813712
1963119215
3661815042
2333407353
3947939716
3672878355
674713430
272645821
3374739704
3432873975
3767131370
609118017
1726420908
3647319835
3825244606
289830405
3062230944
